#weight matrix
#1:len
#2:end
#3:intron
#4: probability(%)
#5~:ATGC

7
5
2
53.58
0.5,0.2,0.15,0.15
0.15,0.11,0.7,0.04
0,0,1.0,0
0,1.0,0,0
0.5,0,0.5,0
1.0,0,0,0
0,0,1.0,0

6
5
3
45.10
0.35,0.09,.016,0.4
0.8,0.09,0.06,0.05
0.08,0.01,0.91,0
0,0,1.0,0
0,1.0,0,0
0.7,0.08,0.15,0.07

9
3
7
64.55
0.1,0.42,0.12,0.36
1.0,0.43,1.0,0.37
0.08,0.48,0.07,0.37
0.08,0.5,0.08,0.34
0.23,0.25,0.24,0.28
0,0,0,1.0
1.0,0,0,0
0,0,1.0,0
0.24,0.11,0.48,0.17

6
3
4
29.01
0.1,0.6,0.05,0.25
0.2,0.39,0.15,0.26
0,1.0,0,0
1.0,0,0,0
0,0,1.0,0
0.25,0.11,0.5,0.14

7
3
5
5.98
0.1,0.59,0.08,0.23
0.11,0.6,0.08,0.21
0.32,0.3,0.18,0.2
0.94,0,0.06,0
1.0,0,0,0
0,0,1.0,0
0.24,0.1,0.51,0.15
